circle
250 250 0 10
circle
250 250 0 20
circle
250 250 0 30
circle
250 250 0 40
circle
250 250 0 50
circle
250 250 0 60
circle
250 250 0 70
circle
250 250 0 80
circle
250 250 0 90
circle 
250 250 0 100
circle
250 250 0 110
circle 
250 250 0 120
circle
250 250 0 130
circle
250 250 0 140
circle
250 250 0 150
circle
250 250 0 160
circle
250 250 0 170
circle
250 250 0 180
circle
250 250 0 190
circle
250 250 0 200
circle
250 250 0 210
circle
250 250 0 220
circle
250 250 0 230
circle
250 250 0 240
circle
250 250 0 250
circle
250 250 0 260
circle
250 250 0 270
circle
250 250 0 280
circle
250 250 0 290
circle
250 250 0 300
circle
250 250 0 310
circle
250 250 0 320
circle
250 250 0 330
circle
250 250 0 340
circle
250 250 0 350
display
save
face.png
